MY_ACCOUNT_ID=0.0.4567577
MY_PRIVATE_KEY=302e020100300506032b657004220420a4aa566fbd9f096d72f077780a3129ad2b5a5795dcce4470a303fbf8cefeaf31

# Acount 1
PRIVATE_KEY_1=302e020100300506032b657004220420b10cd9da53ae9d84caf67895e2d4ee30a3f2cc26941af7c0fc3526ec9c3d1d39
ACCOUNT_ID_1=0.0.4568184

# Acount 2
PRIVATE_KEY_2=302e020100300506032b6570042204205e8295db502ef16eaa08d807ae15a18d118729902c0e3c995b45583a7d34b203
ACCOUNT_ID_2=0.0.4568185

# Acount 3
PRIVATE_KEY_3=302e020100300506032b6570042204201a342c8545e84a1eede5cc974509a13a4d60037bbcf0b8e29a826ae6459d6536
ACCOUNT_ID_3=0.0.4568186

# Acount 4
PRIVATE_KEY_4=302e020100300506032b657004220420334c29aeca978a61cb59386b0330a6d5ecb3f5f48644c1cd47d09695e83e1d23
ACCOUNT_ID_4=0.0.4568189

# Acount 5
PRIVATE_KEY_5=302e020100300506032b657004220420c8175bbf3decf2ce601e7bc4293c6cb389397c6076771475cd0cd920ec7f14a7
ACCOUNT_ID_5=0.0.4568190
